0    29   18   
1    29   26   
2    29   10   
3    4    0    
4    17   29   
5    0    2    
6    0    26   
7    23   0    
8    3    29   
9    26   0    
10   29   21   
11   29   6    
12   24   0    
13   0    17   
14   0    4    
15   17   0    
16   0    3    
17   2    29   
18   3    0    
19   27   29   
20   9    0    
21   10   29   
22   29   13   
23   0    14   
24   0    21   
25   16   29   
26   0    27   
27   25   29   
28   29   3    
29   0    18   
30   11   0    
31   25   0    
32   20   29   
33   29   27   
34   29   5    
35   14   0    
36   23   29   
37   22   0    
38   14   29   
39   0    20   
40   29   4    
41   8    29   
42   20   0    
43   7    0    
44   29   22   
45   29   7    
46   29   15   
47   21   29   
48   29   24   
49   1    29   
50   7    29   
51   29   28   
52   29   1    
53   0    12   
54   16   0    
55   15   0    
56   29   11   
57   0    25   
58   5    0    
59   0    23   
60   29   8    
61   21   0    
62   19   29   
63   4    29   
64   0    28   
65   0    8    
66   1    0    
67   29   20   
68   12   0    
69   2    0    
70   8    0    
71   29   23   
72   0    11   
73   0    1    
74   29   19   
75   0    15   
76   27   0    
77   13   29   
78   28   29   
79   29   16   
80   29   2    
81   0    16   
82   0    5    
83   15   29   
84   10   0    
85   29   9    
86   12   29   
87   19   0    
88   0    22   
89   2    2    
90   22   9    
91   4    7    
92   13   3    
93   14   14   
94   3    24   
95   20   19   
96   17   10   
97   6    9    
98   4    15   
99   13   23   
100  3    4    
101  25   14   
102  18   20   
103  10   13   
104  7    19   
105  13   2    
106  26   11   
107  10   25   
108  13   20   
109  1    3    
110  4    5    
111  12   5    
112  3    14   
113  6    7    
114  25   6    
115  9    23   
116  1    15   
117  13   16   
118  15   2    
119  2    22   
120  3    9    
121  3    26   
122  16   21   
123  8    8    
124  0    19   
125  25   13   
126  19   9    
127  12   11   
128  12   8    
129  16   25   
130  18   5    
131  2    20   
132  2    7    
133  13   17   
134  10   6    
135  3    20   
136  25   4    
137  11   21   
138  11   1    
139  23   17   
140  5    9    
141  18   0    
142  16   23   
143  7    13   
144  13   14   
145  6    8    
146  16   22   
147  17   6    
148  9    5    
149  1    23   
150  17   1    
151  16   10   
152  22   2    
153  18   16   
154  15   19   
155  24   4    
156  9    21   
157  10   18   
158  20   2    
159  12   20   
160  7    21   
161  23   16   
162  6    24   
163  16   3    
164  3    13   
165  9    7    
166  24   9    
167  14   2    
168  17   17   
169  15   25   
170  22   15   
171  26   6    
172  5    18   
173  19   13   
174  19   16   
175  13   15   
176  8    12   
177  16   18   
178  12   15   
179  11   5    
180  9    4    
181  21   11   
182  3    1    
183  0    24   
184  20   21   
185  2    14   
186  2    10   
187  8    4    
188  1    17   
189  7    8    
190  4    4    
191  14   7    
192  15   1    
193  12   9    
194  10   17   
195  11   17   
196  1    1    
197  14   1    
198  3    15   
199  4    26   
200  6    20   
201  14   6    
202  1    5    
203  12   3    
204  6    5    
205  14   11   
206  22   6    
207  15   17   
208  2    6    
209  4    10   
210  9    19   
211  21   17   
212  9    17   
213  5    23   
214  23   2    
215  23   4    
216  15   4    
217  20   5    
218  16   6    
219  13   19   
220  1    4    
221  8    6    
222  13   25   
223  1    9    
224  9    16   
225  20   1    
226  11   28   
227  17   2    
228  3    10   
229  24   15   
230  8    11   
231  26   5    
232  4    12   
233  19   2    
234  6    27   
235  11   22   
236  11   26   
237  11   20   
238  2    16   
239  12   24   
240  3    16   
241  5    24   
242  2    18   
243  5    5    
244  23   5    
245  6    26   
246  8    28   
247  6    21   
248  11   12   
249  20   13   
250  4    17   
251  2    12   
252  10   28   
253  14   15   
254  13   12   
255  5    2    
256  1    10   
257  6    15   
258  12   7    
259  1    12   
260  14   17   
261  18   9    
262  3    22   
263  27   6    
264  24   16   
265  5    1    
266  12   4    
267  3    21   
268  5    22   
269  15   7    
270  12   27   
271  18   1    
272  2    19   
273  4    25   
274  18   11   
275  1    8    
276  5    19   
277  15   18   
278  2    24   
279  24   14   
280  12   21   
281  21   12   
282  20   20   
283  10   1    
284  25   9    
285  21   9    
286  9    28   
287  4    8    
288  19   4    
289  7    15   
290  6    4    
291  7    2    
292  4    3    
293  17   7    
294  6    1    
295  23   11   
296  10   3    
297  6    12   
298  13   6    
299  17   15   
300  21   18   
301  5    3    
302  7    6    
303  25   10   
304  17   23   
305  7    14   
306  8    23   
307  27   5    
308  2    17   
309  9    14   
310  9    22   
311  18   12   
312  3    19   
313  8    10   
314  2    5    
315  0    7    
316  10   14   
317  14   18   
318  7    3    
319  18   21   
320  10   10   
321  25   15   
322  4    11   
323  20   16   
324  17   5    
325  16   8    
326  3    5    
327  26   12   
328  19   7    
329  7    22   
330  9    26   
331  8    7    
332  11   24   
333  24   1    
334  24   5    
335  18   2    
336  15   13   
337  25   7    
338  17   4    
339  14   4    
340  8    25   
341  8    20   
342  8    14   
343  5    6    
344  4    24   
345  10   15   
346  23   10   
347  11   23   
348  12   12   
349  4    13   
350  10   2    
351  13   8    
352  1    21   
353  7    1    
354  16   5    
355  15   14   
356  16   7    
357  26   9    
358  13   0    
359  13   18   
360  12   10   
361  2    13   
362  22   14   
363  9    12   
364  12   13   
365  25   12   
366  16   24   
367  15   9    
368  24   10   
369  10   23   
370  22   19   
371  20   18   
372  20   7    
373  18   19   
374  8    18   
375  22   5    
376  4    9    
377  9    15   
378  9    1    
379  6    2    
380  23   7    
381  2    21   
382  22   10   
383  9    18   
384  7    5    
385  13   11   
386  19   8    
387  20   8    
388  21   14   
389  5    8    
390  16   11   
391  13   4    
392  1    16   
393  15   8    
394  10   21   
395  11   8    
396  10   19   
397  16   9    
398  8    2    
399  17   24   
400  22   11   
401  19   19   
402  15   6    
403  7    26   
404  20   12   
405  2    4    
406  14   10   
407  23   15   
408  20   4    
409  10   26   
410  2    11   
411  9    27   
412  17   21   
413  10   7    
414  2    1    
415  26   7    
416  20   15   
417  3    12   
418  10   8    
419  22   7    
420  17   13   
421  24   8    
422  14   12   
423  4    14   
424  11   3    
425  15   10   
426  18   23   
427  14   24   
428  22   17   
429  15   24   
430  3    18   
431  14   19   
432  5    25   
433  1    6    
434  1    14   
435  10   24   
436  9    13   
437  3    2    
438  15   5    
439  1    11   
440  6    18   
441  6    10   
442  16   2    
443  23   13   
444  2    9    
445  16   16   
446  12   19   
447  4    1    
448  5    12   
449  8    19   
450  11   15   
451  5    17   
452  19   6    
453  7    16   
454  18   14   
455  4    6    
456  19   15   
457  9    11   
458  1    18   
459  14   9    
460  15   16   
461  11   6    
462  15   26   
463  19   22   
464  8    13   
465  13   21   
466  16   4    
467  16   13   
468  12   18   
469  17   8    
470  16   15   
471  15   22   
472  8    15   
473  10   16   
474  21   10   
475  10   4    
476  21   5    
477  14   3    
478  12   26   
479  4    18   
480  8    1    
481  5    11   
482  4    23   
483  12   6    
484  13   26   
485  10   9    
486  3    17   
487  8    27   
488  13   13   
489  18   15   
490  22   18   
491  15   12   
492  10   11   
493  7    17   
494  19   20   
495  2    25   
496  14   21   
497  26   4    
498  23   12   
499  1    2    
500  15   15   
501  17   12   
502  5    26   
503  7    11   
504  24   17   
505  0    13   
506  18   17   
507  4    16   
508  14   25   
509  18   22   
510  2    3    
511  7    27   
512  8    24   
513  5    4    
514  19   18   
515  23   14   
516  23   1    
517  19   12   
518  12   25   
519  3    7    
520  2    23   
521  17   18   
522  20   6    
523  17   16   
524  8    21   
525  13   9    
526  21   2    
527  21   16   
528  15   23   
529  18   3    
530  18   18   
531  2    8    
532  11   7    
533  21   7    
534  0    9    
535  16   20   
536  3    8    
537  11   25   
538  1    13   
539  0    10   
540  27   10   
541  1    24   
542  24   12   
543  4    27   
544  3    23   
545  14   16   
546  9    10   
547  26   10   
548  10   12   
549  17   3    
550  10   22   
551  20   9    
552  1    19   
553  17   9    
554  24   2    
555  1    20   
556  7    4    
557  9    3    
558  17   11   
559  0    6    
560  24   11   
561  16   1    
562  20   3    
563  13   5    
564  22   3    
565  18   6    
566  11   2    
567  10   5    
568  4    20   
569  24   3    
570  13   10   
571  9    20   
572  12   23   
573  15   20   
574  11   4    
575  4    2    
576  14   8    
577  6    6    
578  21   13   
579  19   21   
580  13   22   
581  3    6    
582  5    14   
583  26   8    
584  5    21   
585  12   16   
586  18   4    
587  13   7    
588  21   15   
589  8    5    
590  9    24   
591  12   22   
592  3    11   
593  21   21   
594  11   10   
595  17   14   
596  19   10   
597  23   18   
598  14   5    
599  24   18   
600  24   13   
601  10   20   
602  4    22   
603  19   17   
604  6    25   
605  6    22   
606  14   23   
607  3    3    
608  11   13   
609  16   14   
610  23   6    
611  18   13   
612  21   4    
613  11   27   
614  15   11   
615  21   1    
616  6    11   
617  21   3    
618  25   5    
619  17   20   
620  20   10   
621  19   3    
622  16   19   
623  12   2    
624  11   11   
625  6    23   
626  25   8    
627  14   13   
628  8    9    
629  20   14   
630  22   16   
631  21   6    
632  21   20   
633  19   14   
634  19   11   
635  18   7    
636  20   17   
637  4    19   
638  25   3    
639  12   1    
640  11   16   
641  7    23   
642  6    16   
643  23   8    
644  8    17   
645  0    0    
646  14   22   
647  7    7    
648  6    0    
649  18   10   
650  15   21   
651  9    9    
652  8    3    
653  14   26   
654  23   3    
655  19   1    
656  6    3    
657  13   1    
658  22   8    
659  5    15   
660  1    25   
661  25   11   
662  15   3    
663  6    17   
664  16   12   
665  5    7    
666  11   19   
667  17   22   
668  7    12   
669  22   12   
670  21   19   
671  20   11   
672  24   6    
673  1    22   
674  22   4    
675  6    13   
676  12   17   
677  17   19   
678  5    10   
679  11   18   
680  16   17   
681  5    16   
682  14   20   
683  8    22   
684  23   9    
685  5    20   
686  8    16   
687  9    25   
688  3    25   
689  12   14   
690  6    19   
691  22   1    
692  1    7    
693  7    24   
694  8    26   
695  10   27   
696  13   24   
697  9    2    
698  22   13   
699  6    14   
700  11   9    
701  7    20   
702  7    18   
703  24   7    
704  9    8    
705  7    25   
706  18   8    
707  2    15   
708  21   8    
709  9    6    
710  5    13   
711  7    9    
712  11   14   
713  4    21   
714  7    10   
715  19   5    
