0    19   7    
1    7    19   
2    19   16   
3    19   18   
4    19   1    
5    0    8    
6    19   14   
7    9    19   
8    19   2    
9    15   0    
10   0    11   
11   14   19   
12   2    0    
13   0    5    
14   12   0    
15   19   15   
16   8    0    
17   11   0    
18   16   0    
19   19   17   
20   19   10   
21   0    1    
22   0    7    
23   0    12   
24   13   0    
25   6    19   
26   3    0    
27   1    0    
28   18   0    
29   12   19   
30   8    19   
31   4    0    
32   0    15   
33   11   19   
34   0    6    
35   19   6    
36   3    19   
37   10   19   
38   19   13   
39   0    9    
40   18   19   
41   13   19   
42   4    19   
43   5    0    
44   0    17   
45   2    19   
46   10   0    
47   19   11   
48   0    10   
49   17   19   
50   17   0    
51   0    4    
52   7    0    
53   0    13   
54   19   3    
55   1    19   
56   9    0    
57   3    5    
58   4    6    
59   1    3    
60   13   5    
61   1    9    
62   17   2    
63   3    16   
64   13   11   
65   15   2    
66   2    12   
67   11   3    
68   12   8    
69   15   11   
70   4    11   
71   13   9    
72   5    16   
73   16   4    
74   6    8    
75   1    16   
76   8    4    
77   11   11   
78   6    18   
79   10   6    
80   14   10   
81   4    1    
82   2    17   
83   16   10   
84   11   6    
85   9    12   
86   3    8    
87   11   2    
88   4    14   
89   13   8    
90   6    15   
91   11   15   
92   4    8    
93   13   3    
94   12   10   
95   13   10   
96   13   4    
97   8    9    
98   10   9    
99   5    12   
100  4    15   
101  6    14   
102  15   8    
103  10   4    
104  9    15   
105  5    15   
106  1    12   
107  6    0    
108  8    12   
109  12   9    
110  10   15   
111  3    1    
112  14   11   
113  1    8    
114  10   3    
115  3    2    
116  4    10   
117  8    3    
118  6    4    
119  7    13   
120  1    1    
121  15   1    
122  2    14   
123  4    2    
124  14   1    
125  3    17   
126  10   8    
127  13   1    
128  7    3    
129  1    2    
130  7    9    
131  2    5    
132  2    2    
133  5    10   
134  17   7    
135  4    13   
136  3    13   
137  5    7    
138  2    13   
139  8    17   
140  16   8    
141  14   7    
142  9    8    
143  13   15   
144  10   10   
145  8    8    
146  5    6    
147  9    14   
148  14   4    
149  3    3    
150  15   3    
151  2    9    
152  12   11   
153  4    7    
154  9    13   
155  2    3    
156  5    3    
157  6    16   
158  8    16   
159  3    12   
160  9    18   
161  5    4    
162  11   8    
163  7    18   
164  9    6    
165  4    4    
166  10   12   
167  2    6    
168  16   3    
169  7    14   
170  2    8    
171  17   3    
172  10   14   
173  14   3    
174  13   13   
175  11   5    
176  5    9    
177  15   6    
178  10   5    
179  0    3    
180  2    16   
181  5    5    
182  8    6    
183  7    10   
184  3    7    
185  12   1    
186  7    15   
187  13   6    
188  6    13   
189  1    11   
190  12   3    
191  6    9    
192  16   2    
193  3    14   
194  9    7    
195  1    4    
196  2    11   
197  9    5    
198  1    6    
199  6    5    
200  13   2    
201  2    7    
202  3    4    
203  14   2    
204  12   14   
205  9    4    
206  11   9    
207  8    13   
208  6    7    
209  7    12   
210  15   7    
211  13   12   
212  1    14   
213  9    9    
214  9    16   
215  1    7    
216  6    3    
217  2    15   
218  12   7    
219  9    11   
220  7    6    
221  2    4    
222  10   16   
223  16   9    
224  8    7    
225  1    5    
226  16   1    
227  9    17   
228  4    5    
229  7    8    
230  6    6    
231  1    10   
232  8    5    
233  11   7    
234  13   7    
235  1    15   
236  3    9    
237  15   4    
238  10   11   
239  12   5    
240  5    2    
241  0    0    
242  3    6    
243  8    11   
244  0    2    
245  7    11   
246  3    10   
247  7    2    
248  4    3    
249  3    18   
250  9    1    
251  10   7    
252  4    17   
253  15   5    
254  16   5    
255  10   1    
256  2    1    
257  7    7    
258  8    14   
259  8    2    
260  6    10   
261  6    1    
262  11   10   
263  8    10   
264  6    12   
265  5    14   
266  9    2    
267  6    17   
268  5    1    
269  15   10   
270  17   4    
271  12   2    
272  12   13   
273  7    1    
274  17   6    
275  5    8    
276  7    16   
277  11   14   
278  14   9    
279  1    13   
280  14   8    
281  5    13   
282  15   9    
283  10   13   
284  11   1    
285  6    2    
286  14   6    
287  12   12   
288  9    10   
289  11   12   
290  5    11   
291  16   6    
292  4    16   
293  2    10   
294  12   4    
295  4    12   
296  7    4    
297  4    9    
298  11   13   
299  0    14   
300  9    3    
301  5    18   
302  3    15   
303  12   6    
304  8    15   
305  14   5    
306  3    11   
307  10   2    
308  7    5    
309  7    17   
310  11   4    
311  16   7    
312  5    17   
313  8    1    
314  17   5    
315  6    11   
