0    4    0    
1    8    0    
2    9    6    
3    0    5    
4    0    4    
5    6    0    
6    1    0    
7    3    9    
8    7    9    
9    9    3    
10   0    2    
11   0    6    
12   9    4    
13   0    8    
14   3    0    
15   0    7    
16   5    0    
17   9    2    
18   7    0    
19   0    3    
20   4    9    
21   9    7    
22   2    9    
23   5    9    
24   8    9    
25   5    2    
26   5    4    
27   2    4    
28   5    5    
29   6    3    
30   4    4    
31   5    3    
32   1    7    
33   3    4    
34   4    3    
35   7    3    
36   3    2    
37   2    0    
38   4    2    
39   0    1    
40   3    3    
41   6    1    
42   4    5    
43   0    0    
44   3    1    
45   6    6    
46   2    3    
47   1    3    
48   7    1    
49   3    6    
50   1    2    
51   4    6    
52   2    2    
53   5    1    
54   4    1    
55   7    2    
56   2    6    
57   1    6    
58   5    6    
59   2    7    
60   2    5    
61   8    3    
62   2    1    
63   3    5    
64   7    4    
65   7    5    
66   1    4    
67   8    2    
68   2    8    
69   3    7    
70   6    2    
71   4    7    
72   1    1    
73   6    5    
74   6    4    
75   1    5    
