0    0    22   
1    0    39   
2    49   19   
3    49   24   
4    0    40   
5    33   0    
6    0    28   
7    18   49   
8    0    42   
9    48   49   
10   0    44   
11   0    14   
12   47   0    
13   35   49   
14   49   22   
15   49   26   
16   49   12   
17   0    4    
18   30   0    
19   47   49   
20   14   0    
21   18   0    
22   49   4    
23   49   34   
24   0    6    
25   49   17   
26   49   30   
27   11   49   
28   49   9    
29   12   49   
30   23   0    
31   49   48   
32   24   49   
33   0    20   
34   0    5    
35   40   0    
36   0    11   
37   6    0    
38   49   20   
39   49   37   
40   4    49   
41   49   14   
42   13   0    
43   49   42   
44   8    0    
45   2    0    
46   46   49   
47   44   0    
48   39   0    
49   49   39   
50   0    17   
51   0    37   
52   21   49   
53   0    32   
54   45   0    
55   7    49   
56   10   0    
57   41   49   
58   7    0    
59   49   7    
60   49   31   
61   49   21   
62   0    26   
63   22   0    
64   48   0    
65   29   0    
66   49   18   
67   35   0    
68   3    0    
69   0    33   
70   49   47   
71   43   0    
72   49   1    
73   15   0    
74   42   0    
75   45   49   
76   46   0    
77   16   49   
78   10   49   
79   0    2    
80   49   36   
81   6    49   
82   0    24   
83   0    36   
84   0    15   
85   49   10   
86   49   33   
87   20   49   
88   3    49   
89   40   49   
90   49   43   
91   42   49   
92   49   46   
93   49   3    
94   20   0    
95   0    47   
96   0    1    
97   39   49   
98   0    21   
99   9    0    
100  13   49   
101  34   0    
102  49   23   
103  31   49   
104  5    0    
105  0    13   
106  0    10   
107  49   32   
108  49   29   
109  49   27   
110  31   0    
111  26   49   
112  41   0    
113  2    49   
114  49   16   
115  29   49   
116  12   0    
117  49   8    
118  0    43   
119  28   49   
120  23   49   
121  49   28   
122  49   5    
123  27   0    
124  22   49   
125  0    23   
126  0    9    
127  49   2    
128  32   0    
129  27   49   
130  49   41   
131  28   0    
132  0    30   
133  49   44   
134  34   49   
135  21   0    
136  49   38   
137  0    19   
138  37   0    
139  14   49   
140  9    49   
141  1    49   
142  17   0    
143  36   49   
144  15   49   
145  38   49   
146  0    31   
147  1    0    
148  0    7    
149  24   0    
150  4    0    
151  0    45   
152  16   0    
153  25   9    
154  24   13   
155  28   10   
156  17   13   
157  3    4    
158  11   4    
159  14   11   
160  28   43   
161  19   26   
162  24   20   
163  38   10   
164  38   18   
165  15   34   
166  30   16   
167  36   35   
168  15   19   
169  28   28   
170  5    41   
171  23   11   
172  22   21   
173  38   4    
174  5    34   
175  1    16   
176  8    38   
177  5    45   
178  9    8    
179  38   21   
180  31   37   
181  11   15   
182  6    38   
183  8    4    
184  37   2    
185  39   24   
186  2    20   
187  25   21   
188  18   19   
189  26   29   
190  25   33   
191  13   3    
192  41   19   
193  32   27   
194  25   42   
195  10   39   
196  4    41   
197  13   43   
198  24   21   
199  2    22   
200  11   7    
201  17   33   
202  18   1    
203  33   31   
204  11   6    
205  30   15   
206  10   17   
207  7    1    
208  34   23   
209  38   27   
210  42   21   
211  29   17   
212  5    27   
213  16   29   
214  14   9    
215  17   7    
216  5    31   
217  6    42   
218  35   30   
219  32   19   
220  7    10   
221  3    19   
222  39   22   
223  14   25   
224  6    18   
225  43   22   
226  9    17   
227  5    20   
228  4    27   
229  18   29   
230  32   13   
231  7    34   
232  5    4    
233  32   39   
234  4    19   
235  7    9    
236  25   40   
237  1    21   
238  7    15   
239  36   5    
240  7    33   
241  8    10   
242  34   39   
243  28   11   
244  40   17   
245  0    3    
246  39   23   
247  24   19   
248  11   22   
249  35   15   
250  24   30   
251  20   12   
252  8    18   
253  34   17   
254  3    17   
255  23   30   
256  1    31   
257  35   37   
258  4    10   
259  20   4    
260  21   15   
261  29   16   
262  11   29   
263  44   12   
264  21   11   
265  31   6    
266  12   3    
267  22   27   
268  37   25   
269  20   24   
270  37   24   
271  26   12   
272  21   25   
273  20   25   
274  17   45   
275  1    29   
276  3    37   
277  7    25   
278  2    15   
279  2    10   
280  31   32   
281  37   31   
282  2    38   
283  27   18   
284  2    6    
285  5    44   
286  28   4    
287  18   39   
288  16   25   
289  39   5    
290  1    26   
291  26   35   
292  3    31   
293  39   1    
294  36   28   
295  8    26   
296  36   23   
297  44   10   
298  12   31   
299  10   29   
300  16   34   
301  18   3    
302  40   19   
303  26   2    
304  22   23   
305  38   11   
306  13   31   
307  29   3    
308  7    4    
309  18   25   
310  34   26   
311  24   37   
312  26   23   
313  33   20   
314  30   42   
315  45   29   
316  34   29   
317  34   27   
318  18   47   
319  27   8    
320  37   21   
321  9    6    
322  17   28   
323  24   35   
324  38   14   
325  41   10   
326  32   35   
327  12   10   
328  4    33   
329  36   9    
330  2    7    
331  29   2    
332  29   41   
333  10   4    
334  15   12   
335  16   22   
336  31   30   
337  30   28   
338  45   21   
339  22   3    
340  44   22   
341  44   5    
342  13   36   
343  30   36   
344  6    37   
345  44   17   
346  2    24   
347  39   4    
348  34   31   
349  28   17   
350  11   5    
351  39   15   
352  23   3    
353  9    30   
354  5    24   
355  8    5    
356  18   11   
357  7    5    
358  42   10   
359  35   24   
360  9    33   
361  29   1    
362  11   18   
363  28   25   
364  21   1    
365  15   13   
366  37   13   
367  9    11   
368  12   47   
369  13   1    
370  1    11   
371  8    17   
372  38   9    
373  20   2    
374  24   36   
375  18   20   
376  45   20   
377  36   36   
378  20   10   
379  0    0    
380  35   33   
381  24   45   
382  26   40   
383  23   23   
384  2    12   
385  45   15   
386  27   36   
387  11   34   
388  23   31   
389  19   12   
390  11   16   
391  21   5    
392  30   41   
393  9    32   
394  3    33   
395  7    26   
396  28   7    
397  20   26   
398  23   26   
399  43   23   
400  31   12   
401  18   24   
402  12   25   
403  29   24   
404  28   21   
405  33   17   
406  40   6    
407  22   8    
408  15   30   
409  28   6    
410  23   36   
411  34   25   
412  28   5    
413  23   43   
414  1    35   
415  10   13   
416  27   11   
417  36   18   
418  16   14   
419  28   33   
420  31   40   
421  24   8    
422  42   18   
423  35   21   
424  15   15   
425  10   46   
426  22   43   
427  9    45   
428  25   37   
429  18   14   
430  39   27   
431  26   14   
432  26   34   
433  25   13   
434  25   4    
435  18   2    
436  30   9    
437  41   30   
438  10   40   
439  38   32   
440  3    42   
441  2    11   
442  17   20   
443  1    3    
444  11   27   
445  24   3    
446  44   11   
447  5    13   
448  38   5    
449  24   29   
450  41   18   
451  14   8    
452  16   12   
453  1    30   
454  19   45   
455  20   21   
456  3    9    
457  21   10   
458  38   26   
459  18   7    
460  15   22   
461  16   37   
462  19   4    
463  6    8    
464  8    22   
465  14   38   
466  30   27   
467  9    9    
468  17   23   
469  23   10   
470  24   5    
471  21   21   
472  4    26   
473  2    28   
474  34   35   
475  8    34   
476  37   4    
477  6    23   
478  26   8    
479  8    29   
480  32   18   
481  42   9    
482  44   18   
483  34   24   
484  32   10   
485  31   20   
486  10   37   
487  36   30   
488  4    37   
489  34   34   
490  11   2    
491  23   2    
492  14   35   
493  10   12   
494  38   17   
495  40   26   
496  26   33   
497  29   31   
498  31   35   
499  9    3    
500  29   15   
501  43   8    
502  8    25   
503  35   6    
504  34   22   
505  23   45   
506  31   2    
507  18   37   
508  0    35   
509  17   37   
510  42   26   
511  4    24   
512  7    27   
513  45   8    
514  11   21   
515  19   42   
516  16   43   
517  6    30   
518  17   9    
519  17   44   
520  8    42   
521  13   42   
522  31   1    
523  19   21   
524  23   13   
525  45   10   
526  27   42   
527  14   44   
528  15   18   
529  27   2    
530  30   7    
531  13   37   
532  11   38   
533  16   33   
534  18   9    
535  19   1    
536  9    4    
537  43   7    
538  27   9    
539  2    2    
540  32   26   
541  12   42   
542  9    29   
543  11   12   
544  26   21   
545  10   35   
546  42   6    
547  11   23   
548  40   7    
549  13   19   
550  1    27   
551  41   8    
552  39   2    
553  39   19   
554  15   46   
555  11   3    
556  20   34   
557  18   21   
558  42   23   
559  25   1    
560  30   22   
561  44   14   
562  36   4    
563  2    29   
564  13   27   
565  33   1    
566  41   20   
567  6    45   
568  23   6    
569  31   19   
570  11   44   
571  12   41   
572  29   22   
573  12   33   
574  6    28   
575  35   28   
576  19   6    
577  33   25   
578  18   15   
579  23   38   
580  39   18   
581  13   25   
582  8    27   
583  2    39   
584  21   24   
585  21   14   
586  27   1    
587  12   2    
588  5    19   
589  14   20   
590  33   22   
591  5    40   
592  27   7    
593  22   28   
594  41   11   
595  4    5    
596  29   9    
597  22   4    
598  31   5    
599  6    36   
600  13   16   
601  17   3    
602  11   17   
603  32   21   
604  17   43   
605  7    29   
606  30   26   
607  7    13   
608  39   30   
609  4    13   
610  42   25   
611  0    12   
612  12   5    
613  19   14   
614  30   10   
615  36   34   
616  41   27   
617  33   2    
618  27   14   
619  15   35   
620  4    17   
621  29   38   
622  39   13   
623  37   18   
624  37   12   
625  10   26   
626  45   14   
627  17   27   
628  41   15   
629  28   13   
630  42   3    
631  27   27   
632  29   33   
633  7    36   
634  30   30   
635  2    5    
636  25   30   
637  20   40   
638  21   27   
639  34   16   
640  12   37   
641  36   27   
642  43   11   
643  1    10   
644  5    8    
645  27   33   
646  28   15   
647  13   44   
648  17   4    
649  4    39   
650  3    35   
651  4    3    
652  16   35   
653  6    26   
654  22   36   
655  4    35   
656  37   28   
657  35   10   
658  24   16   
659  7    45   
660  34   6    
661  46   15   
662  29   19   
663  16   26   
664  37   35   
665  20   31   
666  25   35   
667  14   17   
668  10   28   
669  8    24   
670  14   2    
671  46   18   
672  41   22   
673  21   32   
674  17   30   
675  6    27   
676  8    39   
677  24   7    
678  32   30   
679  9    20   
680  42   16   
681  32   37   
682  29   28   
683  35   29   
684  39   20   
685  12   28   
686  25   22   
687  23   29   
688  19   32   
689  26   16   
690  38   8    
691  35   32   
692  25   38   
693  38   25   
694  19   19   
695  1    36   
696  10   23   
697  10   5    
698  38   29   
699  31   29   
700  22   29   
701  13   39   
702  36   1    
703  8    16   
704  26   41   
705  34   37   
706  28   30   
707  21   43   
708  14   18   
709  17   39   
710  9    5    
711  34   11   
712  21   34   
713  30   20   
714  27   35   
715  6    19   
716  23   39   
717  22   2    
718  22   22   
719  34   30   
720  28   9    
721  17   14   
722  16   15   
723  28   8    
724  27   23   
725  30   39   
726  19   28   
727  25   0    
728  29   26   
729  14   39   
730  42   17   
731  4    1    
732  2    25   
733  13   45   
734  27   19   
735  25   16   
736  24   15   
737  37   8    
738  3    12   
739  13   8    
740  18   41   
741  37   29   
742  13   24   
743  17   34   
744  24   4    
745  26   17   
746  34   2    
747  28   40   
748  41   24   
749  1    38   
750  29   36   
751  15   8    
752  40   28   
753  16   46   
754  12   22   
755  10   16   
756  3    11   
757  16   30   
758  23   15   
759  3    2    
760  14   13   
761  20   43   
762  32   9    
763  36   26   
764  3    25   
765  23   19   
766  43   26   
767  20   19   
768  12   15   
769  30   29   
770  44   24   
771  42   27   
772  5    3    
773  8    20   
774  29   34   
775  21   35   
776  7    38   
777  38   0    
778  35   8    
779  20   8    
780  24   14   
781  44   15   
782  1    33   
783  31   18   
784  41   17   
785  29   23   
786  23   18   
787  15   29   
788  11   25   
789  19   34   
790  31   31   
791  31   14   
792  11   0    
793  15   1    
794  3    7    
795  31   11   
796  19   38   
797  37   17   
798  24   41   
799  29   42   
800  6    5    
801  26   44   
802  30   14   
803  42   20   
804  4    6    
805  21   12   
806  26   27   
807  29   25   
808  5    21   
809  32   8    
810  39   26   
811  18   31   
812  38   28   
813  12   11   
814  28   36   
815  11   9    
816  37   23   
817  25   26   
818  43   14   
819  13   17   
820  41   26   
821  9    22   
822  12   12   
823  2    3    
824  15   26   
825  38   19   
826  45   12   
827  22   11   
828  6    33   
829  36   21   
830  33   37   
831  33   40   
832  1    22   
833  11   35   
834  6    14   
835  3    23   
836  0    38   
837  33   18   
838  16   8    
839  22   34   
840  26   15   
841  32   22   
842  44   16   
843  38   13   
844  25   7    
845  10   8    
846  32   2    
847  6    12   
848  22   12   
849  18   16   
850  41   16   
851  20   29   
852  24   27   
853  2    26   
854  3    24   
855  6    3    
856  24   38   
857  8    9    
858  25   11   
859  36   19   
860  38   15   
861  34   7    
862  5    38   
863  29   13   
864  1    14   
865  14   42   
866  28   20   
867  31   23   
868  2    21   
869  8    3    
870  27   43   
871  18   45   
872  15   5    
873  20   18   
874  31   39   
875  35   25   
876  11   14   
877  34   5    
878  31   24   
879  29   40   
880  46   9    
881  37   5    
882  9    25   
883  14   10   
884  11   37   
885  0    25   
886  7    31   
887  44   13   
888  40   29   
889  12   46   
890  16   20   
891  28   45   
892  1    2    
893  24   26   
894  37   19   
895  21   19   
896  40   2    
897  24   22   
898  1    13   
899  17   46   
900  3    21   
901  2    13   
902  17   25   
903  24   1    
904  33   32   
905  23   27   
906  20   14   
907  13   35   
908  12   35   
909  34   36   
910  16   45   
911  3    18   
912  9    31   
913  18   36   
914  37   3    
915  27   44   
916  30   17   
917  4    34   
918  16   19   
919  18   43   
920  11   33   
921  25   12   
922  6    20   
923  39   12   
924  1    5    
925  28   16   
926  40   11   
927  24   10   
928  11   24   
929  43   17   
930  41   2    
931  29   5    
932  12   1    
933  8    35   
934  14   40   
935  3    1    
936  37   7    
937  2    14   
938  4    18   
939  19   23   
940  4    40   
941  35   19   
942  42   22   
943  1    40   
944  20   5    
945  1    20   
946  28   1    
947  6    29   
948  27   17   
949  23   7    
950  9    39   
951  7    39   
952  26   32   
953  13   6    
954  22   33   
955  5    14   
956  35   17   
957  32   33   
958  28   24   
959  23   37   
960  13   2    
961  20   7    
962  17   8    
963  31   13   
964  17   6    
965  31   41   
966  30   12   
967  23   40   
968  6    4    
969  33   23   
970  3    14   
971  39   9    
972  23   17   
973  5    29   
974  4    12   
975  16   40   
976  7    7    
977  25   25   
978  15   43   
979  20   20   
980  7    6    
981  31   7    
982  16   39   
983  32   17   
984  14   33   
985  31   21   
986  31   15   
987  8    21   
988  25   19   
989  26   42   
990  38   20   
991  14   45   
992  6    24   
993  6    9    
994  27   30   
995  33   34   
996  20   13   
997  31   26   
998  31   8    
999  23   14   
1000 22   24   
1001 1    4    
1002 3    40   
1003 2    4    
1004 35   13   
1005 25   8    
1006 15   23   
1007 15   28   
1008 19   7    
1009 15   17   
1010 8    32   
1011 12   38   
1012 30   35   
1013 8    33   
1014 37   16   
1015 21   29   
1016 38   3    
1017 40   4    
1018 12   7    
1019 35   11   
1020 39   32   
1021 28   23   
1022 26   6    
1023 33   14   
1024 21   13   
1025 29   20   
1026 24   40   
1027 31   38   
1028 11   30   
1029 7    30   
1030 13   22   
1031 27   12   
1032 16   7    
1033 8    12   
1034 35   26   
1035 5    26   
1036 25   6    
1037 19   31   
1038 6    10   
1039 16   38   
1040 33   21   
1041 25   27   
1042 13   26   
1043 7    42   
1044 20   28   
1045 17   29   
1046 29   18   
1047 6    17   
1048 16   31   
1049 33   36   
1050 36   29   
1051 4    11   
1052 13   29   
1053 9    18   
1054 33   9    
1055 19   22   
1056 31   25   
1057 25   5    
1058 13   38   
1059 13   14   
1060 24   33   
1061 14   7    
1062 6    11   
1063 26   43   
1064 22   37   
1065 26   3    
1066 17   10   
1067 15   3    
1068 9    15   
1069 16   28   
1070 18   5    
1071 33   27   
1072 25   15   
1073 18   13   
1074 20   9    
1075 7    20   
1076 32   5    
1077 22   9    
1078 9    7    
1079 25   24   
1080 41   3    
1081 42   31   
1082 8    43   
1083 19   36   
1084 16   18   
1085 4    30   
1086 26   5    
1087 36   17   
1088 10   32   
1089 29   8    
1090 44   6    
1091 27   5    
1092 26   22   
1093 33   3    
1094 24   25   
1095 11   45   
1096 11   43   
1097 3    27   
1098 18   35   
1099 39   7    
1100 36   11   
1101 15   21   
1102 22   41   
1103 39   28   
1104 9    1    
1105 21   28   
1106 40   30   
1107 22   20   
1108 10   9    
1109 25   14   
1110 37   32   
1111 22   14   
1112 11   28   
1113 14   30   
1114 42   15   
1115 22   32   
1116 41   7    
1117 31   28   
1118 28   26   
1119 2    36   
1120 46   16   
1121 34   15   
1122 35   7    
1123 17   1    
1124 29   4    
1125 47   16   
1126 15   24   
1127 44   8    
1128 9    16   
1129 32   12   
1130 20   32   
1131 20   15   
1132 7    43   
1133 21   2    
1134 4    44   
1135 32   20   
1136 21   30   
1137 8    37   
1138 26   36   
1139 16   23   
1140 18   40   
1141 3    26   
1142 5    25   
1143 23   32   
1144 27   38   
1145 30   24   
1146 36   20   
1147 27   41   
1148 28   35   
1149 22   7    
1150 34   38   
1151 6    25   
1152 26   9    
1153 6    1    
1154 40   18   
1155 12   26   
1156 37   30   
1157 9    41   
1158 8    1    
1159 8    36   
1160 24   23   
1161 36   13   
1162 25   29   
1163 8    14   
1164 37   10   
1165 37   6    
1166 7    11   
1167 44   4    
1168 34   3    
1169 21   40   
1170 20   1    
1171 11   19   
1172 22   31   
1173 16   13   
1174 11   13   
1175 41   13   
1176 38   1    
1177 25   43   
1178 12   18   
1179 40   10   
1180 14   22   
1181 16   44   
1182 40   27   
1183 36   0    
1184 4    2    
1185 12   24   
1186 37   27   
1187 5    10   
1188 19   8    
1189 21   3    
1190 22   26   
1191 35   35   
1192 10   45   
1193 8    6    
1194 17   18   
1195 38   12   
1196 15   10   
1197 14   21   
1198 33   13   
1199 32   16   
1200 3    5    
1201 32   11   
1202 0    8    
1203 1    8    
1204 14   1    
1205 28   38   
1206 6    40   
1207 26   37   
1208 15   9    
1209 17   36   
1210 34   1    
1211 24   34   
1212 25   3    
1213 15   33   
1214 23   33   
1215 2    40   
1216 32   1    
1217 3    34   
1218 14   24   
1219 33   30   
1220 15   45   
1221 27   28   
1222 43   5    
1223 14   31   
1224 2    8    
1225 3    28   
1226 13   40   
1227 45   16   
1228 32   15   
1229 15   31   
1230 33   11   
1231 41   4    
1232 25   28   
1233 43   12   
1234 31   33   
1235 16   1    
1236 29   35   
1237 23   16   
1238 7    8    
1239 29   21   
1240 11   8    
1241 34   9    
1242 27   10   
1243 10   6    
1244 8    30   
1245 21   26   
1246 41   23   
1247 44   19   
1248 37   22   
1249 27   31   
1250 19   40   
1251 39   14   
1252 18   8    
1253 12   40   
1254 26   18   
1255 42   12   
1256 7    24   
1257 2    34   
1258 9    12   
1259 28   39   
1260 8    13   
1261 4    25   
1262 21   4    
1263 43   18   
1264 6    22   
1265 19   3    
1266 0    27   
1267 32   14   
1268 12   44   
1269 27   32   
1270 34   10   
1271 31   4    
1272 17   35   
1273 14   43   
1274 16   36   
1275 18   6    
1276 29   37   
1277 46   11   
1278 28   44   
1279 13   15   
1280 8    11   
1281 42   8    
1282 32   25   
1283 23   12   
1284 3    32   
1285 14   19   
1286 24   2    
1287 22   38   
1288 15   39   
1289 2    16   
1290 4    21   
1291 9    44   
1292 19   35   
1293 30   25   
1294 9    34   
1295 5    22   
1296 19   2    
1297 35   36   
1298 14   14   
1299 29   30   
1300 5    1    
1301 24   43   
1302 28   2    
1303 26   24   
1304 20   22   
1305 25   44   
1306 19   10   
1307 18   34   
1308 10   21   
1309 40   25   
1310 9    40   
1311 15   11   
1312 22   5    
1313 24   12   
1314 12   4    
1315 39   11   
1316 18   46   
1317 10   1    
1318 15   36   
1319 6    21   
1320 14   26   
1321 32   24   
1322 27   26   
1323 23   4    
1324 26   1    
1325 11   26   
1326 26   7    
1327 24   9    
1328 9    10   
1329 35   2    
1330 33   19   
1331 34   28   
1332 19   39   
1333 43   9    
1334 12   27   
1335 3    10   
1336 13   28   
1337 15   14   
1338 29   14   
1339 5    37   
1340 4    38   
1341 5    5    
1342 16   41   
1343 12   30   
1344 24   31   
1345 4    15   
1346 45   18   
1347 25   18   
1348 30   11   
1349 28   3    
1350 19   25   
1351 29   29   
1352 2    35   
1353 5    36   
1354 28   41   
1355 17   15   
1356 19   33   
1357 14   47   
1358 20   30   
1359 22   18   
1360 13   18   
1361 0    16   
1362 9    46   
1363 7    21   
1364 24   28   
1365 3    15   
1366 10   18   
1367 23   8    
1368 5    9    
1369 4    22   
1370 17   2    
1371 27   4    
1372 6    32   
1373 13   33   
1374 2    19   
1375 23   42   
1376 14   6    
1377 11   11   
1378 35   16   
1379 18   32   
1380 23   21   
1381 14   12   
1382 14   34   
1383 34   4    
1384 34   33   
1385 42   24   
1386 45   11   
1387 22   13   
1388 13   21   
1389 14   27   
1390 20   17   
1391 11   10   
1392 7    3    
1393 20   41   
1394 12   16   
1395 21   8    
1396 41   29   
1397 16   17   
1398 18   4    
1399 23   20   
1400 21   36   
1401 44   7    
1402 7    16   
1403 13   9    
1404 28   34   
1405 2    1    
1406 5    6    
1407 17   12   
1408 43   13   
1409 19   20   
1410 18   18   
1411 21   38   
1412 16   4    
1413 9    13   
1414 25   41   
1415 10   22   
1416 10   24   
1417 24   42   
1418 16   5    
1419 16   6    
1420 10   10   
1421 33   16   
1422 28   32   
1423 10   44   
1424 33   15   
1425 40   5    
1426 45   22   
1427 4    32   
1428 35   14   
1429 16   27   
1430 0    34   
1431 20   6    
1432 13   4    
1433 44   23   
1434 32   7    
1435 9    28   
1436 23   25   
1437 40   16   
1438 30   2    
1439 28   42   
1440 13   20   
1441 20   36   
1442 26   20   
1443 36   10   
1444 40   20   
1445 15   38   
1446 44   20   
1447 12   9    
1448 25   17   
1449 30   32   
1450 32   32   
1451 40   1    
1452 9    2    
1453 22   30   
1454 13   12   
1455 11   40   
1456 12   43   
1457 14   46   
1458 38   7    
1459 10   7    
1460 10   43   
1461 9    21   
1462 17   38   
1463 9    42   
1464 5    16   
1465 42   11   
1466 23   9    
1467 27   34   
1468 14   3    
1469 34   21   
1470 28   37   
1471 5    12   
1472 31   16   
1473 13   13   
1474 35   22   
1475 1    37   
1476 5    42   
1477 0    18   
1478 20   23   
1479 15   2    
1480 38   2    
1481 31   34   
1482 24   11   
1483 14   36   
1484 13   10   
1485 37   33   
1486 4    7    
1487 3    3    
1488 26   26   
1489 23   24   
1490 15   25   
1491 1    6    
1492 26   10   
1493 12   14   
1494 33   26   
1495 28   27   
1496 33   29   
1497 12   19   
1498 15   42   
1499 7    32   
1500 9    36   
1501 25   10   
1502 7    40   
1503 37   20   
1504 30   6    
1505 14   4    
1506 2    23   
1507 31   36   
1508 18   27   
1509 36   14   
1510 12   17   
1511 14   5    
1512 27   37   
1513 2    31   
1514 5    32   
1515 27   24   
1516 29   7    
1517 11   39   
1518 19   17   
1519 45   9    
1520 18   44   
1521 4    31   
1522 1    17   
1523 3    13   
1524 34   14   
1525 21   22   
1526 32   4    
1527 19   29   
1528 7    18   
1529 43   19   
1530 10   42   
1531 26   11   
1532 36   15   
1533 6    2    
1534 1    24   
1535 31   22   
1536 23   41   
1537 16   16   
1538 30   13   
1539 38   23   
1540 5    39   
1541 3    36   
1542 6    31   
1543 17   41   
1544 10   38   
1545 16   24   
1546 3    29   
1547 23   1    
1548 29   43   
1549 28   19   
1550 35   31   
1551 45   13   
1552 1    12   
1553 21   23   
1554 1    28   
1555 13   41   
1556 5    33   
1557 41   25   
1558 10   25   
1559 10   36   
1560 17   40   
1561 40   3    
1562 43   15   
1563 22   19   
1564 10   31   
1565 18   26   
1566 22   1    
1567 20   3    
1568 22   16   
1569 19   16   
1570 35   1    
1571 13   5    
1572 3    30   
1573 21   33   
1574 23   5    
1575 4    29   
1576 23   22   
1577 20   42   
1578 24   18   
1579 10   30   
1580 45   17   
1581 30   5    
1582 32   29   
1583 7    14   
1584 42   4    
1585 36   33   
1586 32   36   
1587 41   6    
1588 35   27   
1589 19   44   
1590 36   31   
1591 13   30   
1592 42   5    
1593 20   11   
1594 38   6    
1595 36   12   
1596 1    9    
1597 21   41   
1598 33   6    
1599 19   27   
1600 13   34   
1601 20   33   
1602 1    7    
1603 33   39   
1604 23   35   
1605 30   18   
1606 2    41   
1607 40   9    
1608 40   15   
1609 30   37   
1610 17   22   
1611 41   14   
1612 36   16   
1613 24   17   
1614 3    16   
1615 12   29   
1616 31   10   
1617 29   11   
1618 9    24   
1619 15   7    
1620 5    17   
1621 21   39   
1622 43   10   
1623 39   25   
1624 32   23   
1625 21   20   
1626 19   5    
1627 38   31   
1628 6    43   
1629 19   15   
1630 7    12   
1631 11   32   
1632 37   14   
1633 1    23   
1634 34   12   
1635 8    40   
1636 2    17   
1637 7    19   
1638 21   7    
1639 20   16   
1640 9    19   
1641 27   20   
1642 27   15   
1643 21   37   
1644 6    44   
1645 8    19   
1646 4    16   
1647 30   19   
1648 14   28   
1649 8    15   
1650 5    2    
1651 15   27   
1652 27   21   
1653 10   27   
1654 4    36   
1655 33   38   
1656 22   6    
1657 12   13   
1658 29   39   
1659 26   0    
1660 30   34   
1661 4    42   
1662 35   34   
1663 32   31   
1664 35   18   
1665 35   3    
1666 22   25   
1667 21   6    
1668 10   15   
1669 30   23   
1670 25   20   
1671 22   10   
1672 38   16   
1673 19   13   
1674 19   43   
1675 17   26   
1676 4    20   
1677 26   28   
1678 25   36   
1679 12   23   
1680 12   6    
1681 18   28   
1682 18   42   
1683 18   30   
1684 21   17   
1685 34   8    
1686 36   25   
1687 38   24   
1688 10   3    
1689 29   27   
1690 40   14   
1691 40   31   
1692 32   38   
1693 26   30   
1694 39   6    
1695 15   6    
1696 35   20   
1697 2    32   
1698 43   21   
1699 17   5    
1700 38   22   
1701 22   35   
1702 1    34   
1703 35   4    
1704 30   3    
1705 40   21   
1706 28   22   
1707 35   12   
1708 4    43   
1709 6    35   
1710 14   16   
1711 39   10   
1712 19   11   
1713 10   19   
1714 8    41   
1715 25   32   
1716 10   41   
1717 5    30   
1718 15   40   
1719 5    43   
1720 34   19   
1721 36   22   
1722 12   39   
1723 21   18   
1724 36   32   
1725 26   4    
1726 4    8    
1727 9    37   
1728 6    6    
1729 2    33   
1730 42   19   
1731 7    37   
1732 27   29   
1733 5    28   
1734 30   40   
1735 5    11   
1736 36   8    
1737 43   20   
1738 26   19   
1739 36   2    
1740 15   20   
1741 34   18   
1742 7    23   
1743 15   32   
1744 31   9    
1745 20   44   
1746 1    19   
1747 45   6    
1748 2    30   
1749 14   41   
1750 21   42   
1751 42   14   
1752 14   15   
1753 38   30   
1754 19   9    
1755 1    32   
1756 41   21   
1757 30   31   
1758 3    39   
1759 28   31   
1760 32   41   
1761 16   32   
1762 7    35   
1763 37   9    
1764 10   14   
1765 24   32   
1766 5    7    
1767 5    23   
1768 2    42   
1769 1    15   
1770 2    18   
1771 15   37   
1772 30   4    
1773 28   29   
1774 10   2    
1775 12   21   
1776 36   3    
1777 1    18   
1778 31   27   
1779 5    15   
1780 23   28   
1781 12   20   
1782 20   38   
1783 30   1    
1784 32   6    
1785 27   40   
1786 37   15   
1787 26   25   
1788 8    31   
1789 5    18   
1790 10   34   
1791 40   22   
1792 12   8    
1793 27   6    
1794 32   34   
1795 11   41   
1796 27   25   
1797 43   6    
1798 37   11   
1799 39   17   
1800 12   34   
1801 18   33   
1802 32   40   
1803 8    2    
1804 5    35   
1805 6    41   
1806 17   31   
1807 10   11   
1808 32   3    
1809 20   35   
1810 27   3    
1811 29   10   
1812 4    23   
1813 32   28   
1814 26   39   
1815 17   11   
1816 8    28   
1817 15   41   
1818 14   37   
1819 39   21   
1820 30   8    
1821 21   44   
1822 6    15   
1823 8    7    
1824 18   38   
1825 6    13   
1826 24   6    
1827 33   8    
1828 9    38   
1829 18   10   
1830 45   19   
1831 9    14   
1832 18   12   
1833 16   9    
1834 3    41   
1835 11   36   
1836 26   31   
1837 31   17   
1838 33   33   
1839 42   13   
1840 33   7    
1841 12   32   
1842 21   16   
1843 7    41   
1844 8    44   
1845 9    27   
1846 14   23   
1847 46   17   
1848 35   5    
1849 22   17   
1850 40   8    
1851 22   39   
1852 18   22   
1853 26   13   
1854 7    22   
1855 37   1    
1856 25   23   
1857 7    2    
1858 15   44   
1859 7    44   
1860 36   7    
1861 33   28   
1862 9    35   
1863 20   27   
1864 19   0    
1865 34   20   
1866 19   24   
1867 14   29   
1868 41   12   
1869 22   44   
1870 16   3    
1871 2    9    
1872 25   31   
1873 39   3    
1874 11   46   
1875 11   1    
1876 29   6    
1877 6    39   
1878 13   11   
1879 13   23   
1880 41   9    
1881 19   18   
1882 16   2    
1883 18   17   
1884 23   34   
1885 41   5    
1886 19   30   
1887 46   10   
1888 17   16   
1889 16   21   
1890 7    17   
1891 3    20   
1892 22   15   
1893 17   24   
1894 1    1    
1895 30   38   
1896 7    28   
1897 40   23   
1898 14   32   
1899 24   39   
1900 1    25   
1901 2    37   
1902 13   46   
1903 13   7    
1904 44   21   
1905 6    34   
1906 4    28   
1907 17   17   
1908 26   38   
1909 43   24   
1910 33   5    
1911 9    43   
1912 6    16   
1913 21   31   
1914 25   34   
1915 11   42   
1916 46   8    
1917 22   42   
1918 12   45   
1919 21   9    
1920 18   23   
1921 1    39   
1922 3    6    
1923 2    27   
1924 10   33   
1925 27   13   
1926 0    29   
1927 9    23   
1928 11   20   
1929 23   44   
1930 20   39   
1931 25   2    
1932 39   31   
1933 29   12   
1934 28   12   
1935 35   23   
1936 16   42   
1937 6    7    
1938 27   16   
1939 35   9    
1940 44   9    
1941 3    8    
1942 34   13   
1943 3    38   
1944 22   40   
1945 40   13   
1946 4    4    
1947 15   16   
1948 16   11   
1949 39   16   
1950 3    22   
1951 33   4    
1952 9    26   
1953 17   21   
1954 4    14   
1955 16   10   
1956 24   24   
1957 40   12   
1958 25   39   
1959 12   36   
1960 17   42   
1961 4    9    
1962 13   32   
1963 33   24   
1964 19   37   
1965 33   10   
1966 17   32   
1967 34   32   
1968 24   44   
1969 28   14   
1970 39   8    
1971 15   4    
1972 40   24   
1973 29   32   
1974 33   12   
1975 19   41   
1976 1    41   
1977 37   26   
1978 39   29   
1979 31   3    
1980 10   20   
1981 43   16   
1982 36   6    
1983 30   21   
1984 30   33   
1985 27   39   
1986 17   19   
1987 20   37   
1988 11   31   
1989 42   7    
1990 28   18   
1991 33   35   
1992 8    23   
1993 27   22   
1994 8    8    
1995 36   24   
