0    29   17   
1    29   1    
2    0    13   
3    11   0    
4    29   23   
5    10   0    
6    0    23   
7    29   10   
8    29   5    
9    5    0    
10   0    18   
11   6    29   
12   29   7    
13   29   4    
14   25   29   
15   11   29   
16   16   29   
17   21   0    
18   6    0    
19   0    19   
20   17   0    
21   15   0    
22   9    29   
23   0    4    
24   24   0    
25   23   29   
26   25   0    
27   23   0    
28   0    11   
29   29   28   
30   12   29   
31   0    16   
32   29   12   
33   29   9    
34   29   21   
35   3    29   
36   0    15   
37   26   0    
38   29   8    
39   4    29   
40   0    9    
41   0    6    
42   20   0    
43   29   13   
44   15   29   
45   24   29   
46   0    21   
47   29   22   
48   18   29   
49   29   2    
50   22   0    
51   20   29   
52   8    0    
53   19   0    
54   19   29   
55   29   16   
56   12   0    
57   7    0    
58   14   29   
59   8    29   
60   0    10   
61   26   29   
62   29   26   
63   0    26   
64   10   29   
65   0    3    
66   29   27   
67   0    24   
68   17   29   
69   29   3    
70   29   20   
71   0    1    
72   1    29   
73   0    12   
74   0    25   
75   27   29   
76   28   0    
77   29   15   
78   2    0    
79   0    14   
80   0    27   
81   3    0    
82   29   11   
83   13   29   
84   14   0    
85   0    20   
86   2    29   
87   7    29   
88   29   18   
89   29   6    
90   1    0    
91   0    22   
92   28   29   
93   22   29   
94   4    0    
95   0    7    
96   13   0    
97   27   0    
98   21   29   
99   0    28   
100  2    20   
101  22   3    
102  14   15   
103  23   8    
104  9    16   
105  2    9    
106  9    18   
107  3    5    
108  18   21   
109  6    18   
110  8    10   
111  8    14   
112  21   10   
113  12   25   
114  9    21   
115  8    21   
116  4    8    
117  11   25   
118  8    8    
119  23   19   
120  11   9    
121  7    18   
122  16   10   
123  15   22   
124  10   27   
125  5    22   
126  20   8    
127  10   21   
128  12   18   
129  14   14   
130  11   11   
131  12   22   
132  21   19   
133  20   22   
134  16   18   
135  13   6    
136  17   5    
137  22   1    
138  7    16   
139  20   14   
140  10   2    
141  1    4    
142  8    15   
143  6    1    
144  13   20   
145  8    22   
146  5    23   
147  21   5    
148  16   0    
149  24   2    
150  16   16   
151  13   1    
152  15   15   
153  25   12   
154  3    12   
155  21   6    
156  0    5    
157  1    8    
158  17   12   
159  12   7    
160  3    2    
161  16   3    
162  5    2    
163  7    10   
164  5    10   
165  5    19   
166  11   8    
167  24   21   
168  10   7    
169  21   26   
170  18   12   
171  17   9    
172  6    20   
173  15   18   
174  22   14   
175  7    21   
176  7    14   
177  12   5    
178  22   18   
179  11   22   
180  28   14   
181  7    6    
182  13   10   
183  1    5    
184  18   22   
185  20   9    
186  14   25   
187  22   23   
188  1    3    
189  26   7    
190  20   25   
191  19   12   
192  18   20   
193  2    3    
194  5    17   
195  9    24   
196  25   15   
197  16   15   
198  19   5    
199  9    28   
200  14   19   
201  4    22   
202  3    11   
203  14   16   
204  15   2    
205  7    19   
206  26   8    
207  4    2    
208  26   19   
209  7    4    
210  10   20   
211  12   10   
212  22   2    
213  14   11   
214  23   4    
215  7    1    
216  15   25   
217  7    17   
218  11   2    
219  25   17   
220  8    27   
221  8    13   
222  7    2    
223  18   18   
224  6    26   
225  4    13   
226  23   5    
227  28   13   
228  2    18   
229  18   19   
230  11   16   
231  13   15   
232  20   18   
233  8    23   
234  14   20   
235  13   27   
236  5    1    
237  24   1    
238  25   1    
239  2    11   
240  21   8    
241  22   21   
242  12   9    
243  16   26   
244  23   2    
245  27   4    
246  22   20   
247  16   9    
248  13   12   
249  12   14   
250  9    1    
251  7    11   
252  21   4    
253  14   24   
254  19   2    
255  16   28   
256  9    15   
257  23   14   
258  25   20   
259  26   13   
260  6    12   
261  15   12   
262  28   9    
263  7    12   
264  4    11   
265  4    12   
266  26   15   
267  10   26   
268  21   14   
269  21   24   
270  9    7    
271  17   27   
272  24   14   
273  15   23   
274  18   13   
275  25   2    
276  5    3    
277  9    8    
278  13   7    
279  5    26   
280  10   6    
281  17   21   
282  27   16   
283  13   22   
284  15   19   
285  19   25   
286  12   17   
287  5    18   
288  15   9    
289  6    15   
290  19   4    
291  11   4    
292  19   8    
293  3    15   
294  10   25   
295  2    2    
296  4    24   
297  14   28   
298  9    13   
299  17   11   
300  12   11   
301  18   1    
302  14   17   
303  10   1    
304  15   26   
305  1    7    
306  15   8    
307  9    3    
308  20   19   
309  8    4    
310  24   8    
311  20   7    
312  8    2    
313  4    19   
314  8    25   
315  18   26   
316  25   21   
317  1    15   
318  10   16   
319  16   11   
320  22   24   
321  17   6    
322  4    25   
323  22   10   
324  13   26   
325  2    19   
326  16   4    
327  26   10   
328  9    0    
329  12   20   
330  1    17   
331  5    13   
332  22   7    
333  23   21   
334  19   13   
335  9    4    
336  1    19   
337  1    16   
338  10   4    
339  11   3    
340  7    7    
341  19   7    
342  14   7    
343  28   5    
344  8    26   
345  6    17   
346  5    16   
347  8    19   
348  10   11   
349  25   18   
350  5    11   
351  4    1    
352  6    19   
353  20   15   
354  13   24   
355  0    17   
356  22   19   
357  13   5    
358  14   18   
359  15   4    
360  6    13   
361  16   2    
362  25   9    
363  19   24   
364  3    4    
365  15   17   
366  19   10   
367  6    7    
368  15   10   
369  5    15   
370  4    23   
371  19   11   
372  18   9    
373  8    24   
374  12   23   
375  25   7    
376  28   8    
377  16   13   
378  24   19   
379  17   15   
380  5    9    
381  4    16   
382  12   24   
383  2    24   
384  21   12   
385  8    12   
386  5    25   
387  16   7    
388  1    13   
389  3    18   
390  20   3    
391  7    8    
392  12   4    
393  24   22   
394  7    23   
395  13   19   
396  2    8    
397  20   24   
398  12   3    
399  6    2    
400  14   1    
401  3    25   
402  12   28   
403  25   14   
404  26   14   
405  22   5    
406  13   4    
407  2    13   
408  7    5    
409  15   3    
410  5    24   
411  2    23   
412  10   3    
413  3    3    
414  21   9    
415  6    23   
416  20   2    
417  8    7    
418  3    6    
419  17   4    
420  28   12   
421  15   6    
422  15   14   
423  10   5    
424  2    6    
425  21   20   
426  18   6    
427  23   17   
428  19   17   
429  24   3    
430  14   3    
431  17   18   
432  8    17   
433  8    3    
434  27   13   
435  1    23   
436  11   24   
437  18   10   
438  2    12   
439  15   24   
440  19   16   
441  7    9    
442  17   2    
443  15   11   
444  8    20   
445  9    23   
446  17   7    
447  1    11   
448  21   11   
449  2    14   
450  6    16   
451  11   20   
452  28   15   
453  0    8    
454  14   27   
455  4    9    
456  1    12   
457  2    7    
458  9    12   
459  3    23   
460  6    5    
461  20   20   
462  26   12   
463  6    6    
464  1    2    
465  5    20   
466  13   14   
467  12   15   
468  16   1    
469  8    16   
470  16   5    
471  6    14   
472  22   9    
473  9    26   
474  7    24   
475  4    7    
476  15   16   
477  6    8    
478  21   2    
479  4    4    
480  24   9    
481  6    11   
482  14   6    
483  3    9    
484  19   26   
485  18   3    
486  8    18   
487  24   5    
488  23   3    
489  27   14   
490  6    9    
491  25   8    
492  7    20   
493  18   7    
494  27   7    
495  18   14   
496  17   14   
497  26   2    
498  13   21   
499  3    22   
500  17   25   
501  22   25   
502  20   17   
503  16   23   
504  11   14   
505  16   14   
506  12   26   
507  7    3    
508  22   17   
509  20   23   
510  4    20   
511  14   5    
512  21   16   
513  24   17   
514  17   20   
515  10   17   
516  4    5    
517  15   13   
518  10   10   
519  20   16   
520  1    21   
521  3    14   
522  25   16   
523  13   23   
524  16   20   
525  21   7    
526  14   22   
527  15   28   
528  17   17   
529  25   6    
530  13   3    
531  11   17   
532  13   13   
533  1    14   
534  14   4    
535  19   18   
536  26   11   
537  9    10   
538  13   8    
539  19   20   
540  8    6    
541  5    21   
542  11   13   
543  16   12   
544  2    5    
545  14   10   
546  23   20   
547  5    8    
548  11   12   
549  7    26   
550  2    17   
551  10   22   
552  10   12   
553  13   17   
554  10   13   
555  11   10   
556  15   27   
557  4    3    
558  18   25   
559  17   3    
560  16   27   
561  26   18   
562  14   26   
563  21   13   
564  20   4    
565  21   3    
566  9    25   
567  24   13   
568  5    27   
569  12   2    
570  28   11   
571  10   8    
572  14   9    
573  25   5    
574  8    11   
575  25   10   
576  12   19   
577  2    22   
578  24   6    
579  9    2    
580  11   26   
581  28   7    
582  6    22   
583  12   27   
584  22   26   
585  17   16   
586  19   22   
587  3    8    
588  25   19   
589  27   5    
590  10   14   
591  7    25   
592  23   10   
593  10   23   
594  13   25   
595  12   21   
596  8    28   
597  4    17   
598  13   16   
599  21   18   
600  12   8    
601  13   18   
602  10   28   
603  23   22   
604  18   4    
605  16   17   
606  10   24   
607  26   3    
608  5    12   
609  27   8    
610  6    24   
611  24   7    
612  17   23   
613  3    17   
614  23   9    
615  22   4    
616  8    1    
617  3    19   
618  11   5    
619  9    9    
620  3    10   
621  7    22   
622  14   2    
623  4    18   
624  4    26   
625  16   24   
626  13   28   
627  23   6    
628  9    14   
629  16   19   
630  22   11   
631  20   12   
632  25   11   
633  10   9    
634  13   2    
635  21   21   
636  15   21   
637  9    20   
638  20   21   
639  26   16   
640  4    21   
641  27   11   
642  27   15   
643  19   14   
644  25   3    
645  18   23   
646  17   1    
647  20   5    
648  18   16   
649  1    22   
650  23   7    
651  1    10   
652  14   12   
653  20   11   
654  4    15   
655  2    10   
656  22   12   
657  5    7    
658  6    10   
659  11   19   
660  18   17   
661  18   8    
662  23   16   
663  16   25   
664  9    27   
665  18   2    
666  8    5    
667  19   6    
668  26   4    
669  11   28   
670  18   15   
671  20   13   
672  23   13   
673  5    5    
674  11   23   
675  23   23   
676  3    1    
677  24   15   
678  22   22   
679  28   6    
680  6    25   
681  3    7    
682  5    14   
683  12   1    
684  15   1    
685  17   24   
686  18   11   
687  10   18   
688  3    16   
689  26   5    
690  9    5    
691  4    10   
692  1    9    
693  19   19   
694  27   6    
695  1    24   
696  11   15   
697  19   1    
698  20   26   
699  23   12   
700  17   13   
701  24   12   
702  12   13   
703  3    13   
704  23   18   
705  27   12   
706  7    13   
707  24   20   
708  22   16   
709  3    20   
710  1    6    
711  17   22   
712  24   11   
713  23   11   
714  9    22   
715  11   18   
716  27   10   
717  11   1    
718  20   6    
719  11   27   
720  24   4    
721  19   21   
722  16   22   
723  12   16   
724  14   13   
725  7    15   
726  22   15   
727  16   8    
728  14   21   
729  13   9    
730  1    18   
731  17   19   
732  17   8    
733  5    6    
734  6    27   
735  25   4    
736  0    2    
737  21   25   
738  24   18   
739  15   20   
740  1    1    
741  21   17   
742  22   8    
743  13   11   
744  19   15   
745  26   9    
746  21   15   
747  18   0    
748  27   3    
749  2    16   
750  6    3    
751  2    4    
752  4    6    
753  15   5    
754  5    4    
755  19   9    
756  26   17   
757  24   10   
758  21   1    
759  20   10   
760  2    1    
761  19   23   
762  11   21   
763  10   19   
764  2    21   
765  7    28   
766  9    6    
767  21   23   
768  9    17   
769  14   23   
770  23   15   
771  12   6    
772  6    4    
773  2    15   
774  10   15   
775  3    21   
776  16   21   
777  11   6    
778  14   8    
779  22   13   
780  9    11   
781  6    21   
782  21   22   
783  23   1    
784  15   7    
785  17   10   
786  4    14   
787  3    24   
788  19   3    
789  22   6    
790  18   24   
791  7    27   
792  20   1    
793  24   16   
794  8    9    
795  18   5    
796  9    19   
797  26   6    
798  27   9    
799  11   7    
800  25   13   
801  1    20   
802  17   26   
803  16   6    
804  12   12   
