0    19   14   
1    18   19   
2    0    16   
3    8    19   
4    5    0    
5    17   0    
6    3    0    
7    19   15   
8    11   0    
9    0    10   
10   19   17   
11   13   0    
12   6    19   
13   2    19   
14   19   16   
15   1    19   
16   5    19   
17   6    0    
18   4    0    
19   13   19   
20   19   1    
21   0    4    
22   10   0    
23   0    5    
24   19   2    
25   0    1    
26   4    19   
27   12   19   
28   12   0    
29   8    0    
30   19   5    
31   19   8    
32   0    15   
33   0    12   
34   16   19   
35   0    6    
36   19   3    
37   14   0    
38   19   6    
39   0    17   
40   17   19   
41   0    7    
42   0    8    
43   19   12   
44   3    19   
45   19   9    
46   0    2    
47   15   0    
48   0    11   
49   19   18   
50   11   19   
51   0    9    
52   1    0    
53   0    14   
54   19   11   
55   0    3    
56   10   19   
57   7    19   
58   0    18   
59   19   13   
60   2    0    
61   14   19   
62   7    0    
63   9    19   
64   4    1    
65   6    17   
66   17   4    
67   5    3    
68   13   1    
69   16   3    
70   9    11   
71   8    3    
72   6    1    
73   12   14   
74   13   7    
75   11   13   
76   6    7    
77   4    12   
78   5    7    
79   4    17   
80   15   14   
81   3    18   
82   9    2    
83   8    1    
84   12   5    
85   14   1    
86   1    2    
87   8    8    
88   3    5    
89   1    11   
90   5    15   
91   2    15   
92   15   15   
93   13   5    
94   6    9    
95   12   13   
96   9    14   
97   15   3    
98   4    13   
99   7    8    
100  2    16   
101  1    13   
102  11   10   
103  10   4    
104  10   11   
105  13   6    
106  4    10   
107  4    15   
108  14   6    
109  17   12   
110  12   12   
111  13   9    
112  9    17   
113  12   15   
114  4    8    
115  2    4    
116  13   14   
117  8    5    
118  13   4    
119  4    4    
120  2    8    
121  4    18   
122  10   17   
123  17   10   
124  6    3    
125  8    12   
126  6    11   
127  4    9    
128  3    11   
129  6    16   
130  13   11   
131  7    6    
132  16   1    
133  1    3    
134  18   9    
135  5    8    
136  12   11   
137  16   7    
138  10   16   
139  10   15   
140  13   16   
141  14   4    
142  10   8    
143  14   12   
144  16   10   
145  4    11   
146  12   4    
147  11   16   
148  6    15   
149  17   3    
150  5    14   
151  12   2    
152  5    17   
153  0    13   
154  5    10   
155  14   11   
156  2    3    
157  11   2    
158  5    1    
159  1    18   
160  17   1    
161  16   2    
162  9    4    
163  9    13   
164  14   3    
165  14   8    
166  10   3    
167  15   11   
168  5    12   
169  5    11   
170  7    15   
171  9    16   
172  7    3    
173  13   10   
174  6    13   
175  2    5    
176  6    10   
177  8    17   
178  15   9    
179  4    3    
180  7    4    
181  16   4    
182  6    4    
183  9    12   
184  11   3    
185  12   7    
186  2    14   
187  3    17   
188  7    17   
189  8    2    
190  2    17   
191  4    7    
192  11   9    
193  6    12   
194  15   1    
195  10   6    
196  5    4    
197  2    12   
198  2    7    
199  4    6    
200  9    15   
201  9    0    
202  3    4    
203  7    12   
204  12   16   
205  8    18   
206  3    12   
207  1    17   
208  2    13   
209  1    7    
210  2    9    
211  9    5    
212  2    1    
213  5    16   
214  16   8    
215  8    14   
216  3    14   
217  4    16   
218  3    16   
219  5    9    
220  3    15   
221  8    13   
222  1    5    
223  9    9    
224  7    13   
225  10   5    
226  10   7    
227  2    2    
228  11   4    
229  18   3    
230  1    14   
231  7    10   
232  13   2    
233  4    2    
234  2    11   
235  7    2    
236  1    10   
237  15   5    
238  9    1    
239  6    6    
240  15   7    
241  8    6    
242  3    2    
243  1    4    
244  12   6    
245  17   7    
246  18   6    
247  7    18   
248  11   12   
249  8    9    
250  13   3    
251  1    9    
252  7    9    
253  6    14   
254  10   9    
255  1    6    
256  16   9    
257  7    16   
258  10   2    
259  3    10   
260  10   10   
261  11   5    
262  3    8    
263  7    14   
264  11   7    
265  11   15   
266  17   2    
267  3    6    
268  17   9    
269  18   4    
270  5    6    
271  9    18   
272  16   12   
273  9    8    
274  7    11   
275  1    1    
276  12   1    
277  9    3    
278  13   13   
279  13   15   
280  8    10   
281  7    1    
282  8    4    
283  10   12   
284  11   11   
285  14   9    
286  2    10   
287  1    16   
288  3    7    
289  17   5    
290  1    8    
291  13   8    
292  15   12   
293  14   10   
294  11   1    
295  16   13   
296  16   14   
297  6    2    
298  7    7    
299  4    14   
300  5    18   
301  11   14   
302  14   2    
303  9    7    
304  4    5    
305  9    10   
306  15   10   
307  8    15   
308  12   8    
309  14   13   
310  3    1    
311  17   11   
312  14   5    
313  5    5    
314  1    15   
315  8    11   
316  3    9    
317  12   3    
318  15   2    
319  10   13   
320  6    18   
321  1    12   
322  9    6    
323  3    3    
324  14   15   
325  5    13   
326  12   10   
327  16   11   
328  5    2    
329  16   6    
330  0    0    
331  13   12   
332  2    18   
333  14   7    
334  14   14   
335  15   13   
336  6    5    
337  16   5    
338  6    8    
339  15   8    
340  11   6    
341  15   4    
342  2    6    
343  10   14   
344  11   17   
345  11   8    
346  17   8    
347  12   9    
348  3    13   
349  8    7    
350  8    16   
351  15   6    
352  7    5    
353  10   1    
354  17   6    
