0    28   0    
1    30   39   
2    17   39   
3    36   39   
4    34   39   
5    15   0    
6    9    39   
7    39   24   
8    39   10   
9    30   0    
10   0    33   
11   0    36   
12   22   0    
13   39   20   
14   0    24   
15   0    34   
16   39   30   
17   23   39   
18   33   0    
19   8    39   
20   13   39   
21   0    26   
22   39   1    
23   7    0    
24   39   13   
25   21   0    
26   0    13   
27   21   39   
28   4    0    
29   20   0    
30   39   34   
31   10   39   
32   23   0    
33   0    22   
34   0    19   
35   0    20   
36   39   29   
37   39   22   
38   0    27   
39   0    1    
40   0    11   
41   18   0    
42   39   2    
43   39   15   
44   39   6    
45   35   0    
46   7    39   
47   16   39   
48   22   39   
49   10   0    
50   0    21   
51   11   39   
52   6    39   
53   6    0    
54   5    0    
55   0    7    
56   17   0    
57   37   39   
58   2    39   
59   3    0    
60   31   39   
61   15   39   
62   13   0    
63   24   0    
64   39   31   
65   0    14   
66   0    8    
67   12   39   
68   0    38   
69   39   5    
70   37   0    
71   38   39   
72   39   8    
73   0    12   
74   39   38   
75   0    29   
76   16   0    
77   39   21   
78   0    37   
79   1    39   
80   14   0    
81   25   39   
82   28   39   
83   39   12   
84   39   36   
85   39   4    
86   20   39   
87   32   39   
88   39   18   
89   31   0    
90   29   0    
91   39   25   
92   39   23   
93   9    0    
94   0    31   
95   4    39   
96   0    18   
97   32   0    
98   5    39   
99   26   39   
100  39   33   
101  1    0    
102  0    5    
103  0    10   
104  0    25   
105  0    30   
106  39   14   
107  14   39   
108  39   37   
109  0    17   
110  12   0    
111  2    0    
112  39   27   
113  39   32   
114  8    0    
115  34   0    
116  39   35   
117  0    35   
118  19   39   
119  24   39   
120  33   39   
121  8    25   
122  11   21   
123  30   21   
124  32   13   
125  19   15   
126  7    4    
127  7    33   
128  19   1    
129  9    29   
130  18   5    
131  32   17   
132  12   6    
133  34   12   
134  22   2    
135  1    5    
136  14   8    
137  22   3    
138  33   20   
139  6    24   
140  17   35   
141  14   34   
142  18   21   
143  5    1    
144  29   19   
145  7    20   
146  16   13   
147  15   11   
148  6    31   
149  18   3    
150  8    15   
151  15   35   
152  31   12   
153  15   6    
154  12   31   
155  18   29   
156  11   23   
157  33   13   
158  2    5    
159  28   8    
160  13   29   
161  29   7    
162  10   3    
163  3    7    
164  25   25   
165  24   7    
166  33   14   
167  29   10   
168  33   6    
169  6    29   
170  30   14   
171  31   2    
172  20   26   
173  22   33   
174  5    16   
175  26   26   
176  2    27   
177  21   30   
178  14   3    
179  20   18   
180  5    9    
181  13   15   
182  33   18   
183  2    14   
184  16   12   
185  34   20   
186  23   29   
187  13   36   
188  11   32   
189  10   4    
190  11   27   
191  25   12   
192  7    19   
193  15   22   
194  22   10   
195  9    13   
196  10   17   
197  10   12   
198  5    34   
199  7    21   
200  15   28   
201  33   1    
202  22   16   
203  6    25   
204  16   2    
205  18   27   
206  18   9    
207  22   13   
208  10   28   
209  24   18   
210  11   22   
211  7    22   
212  23   14   
213  16   31   
214  2    23   
215  30   4    
216  6    35   
217  14   12   
218  26   4    
219  11   17   
220  2    9    
221  6    2    
222  27   25   
223  2    15   
224  18   34   
225  12   20   
226  2    25   
227  9    34   
228  0    4    
229  23   5    
230  6    28   
231  16   33   
232  14   23   
233  3    31   
234  15   13   
235  29   23   
236  13   30   
237  20   1    
238  21   4    
239  12   25   
240  5    10   
241  22   20   
242  17   7    
243  27   9    
244  16   24   
245  17   21   
246  28   20   
247  34   3    
248  35   8    
249  3    27   
250  24   14   
251  19   5    
252  19   8    
253  4    10   
254  34   15   
255  18   22   
256  29   13   
257  5    26   
258  11   4    
259  17   22   
260  23   21   
261  29   15   
262  25   15   
263  30   27   
264  4    8    
265  32   23   
266  12   27   
267  6    15   
268  24   19   
269  14   2    
270  1    25   
271  32   4    
272  21   1    
273  32   14   
274  7    3    
275  25   6    
276  6    32   
277  13   11   
278  2    19   
279  27   7    
280  21   34   
281  30   12   
282  31   7    
283  20   5    
284  12   35   
285  23   18   
286  9    33   
287  28   26   
288  30   1    
289  11   19   
290  12   29   
291  15   19   
292  15   5    
293  1    7    
294  28   19   
295  21   10   
296  31   14   
297  15   31   
298  7    14   
299  11   9    
300  10   10   
301  25   18   
302  3    10   
303  7    29   
304  19   16   
305  14   37   
306  32   20   
307  26   18   
308  10   36   
309  22   34   
310  5    21   
311  30   10   
312  9    1    
313  10   27   
314  28   5    
315  22   29   
316  30   5    
317  27   20   
318  9    25   
319  2    24   
320  5    27   
321  28   24   
322  3    6    
323  2    2    
324  12   4    
325  21   16   
326  7    8    
327  11   28   
328  2    12   
329  4    33   
330  13   31   
331  30   18   
332  14   36   
333  6    8    
334  9    35   
335  1    19   
336  23   26   
337  5    3    
338  9    30   
339  4    34   
340  27   4    
341  3    19   
342  33   21   
343  28   7    
344  8    7    
345  24   6    
346  5    28   
347  10   18   
348  24   3    
349  7    16   
350  20   29   
351  15   2    
352  28   25   
353  17   8    
354  11   0    
355  13   1    
356  8    13   
357  13   5    
358  15   16   
359  3    2    
360  34   14   
361  26   11   
362  18   18   
363  6    12   
364  7    11   
365  25   16   
366  15   17   
367  31   18   
368  3    26   
369  15   26   
370  13   37   
371  2    18   
372  33   23   
373  16   34   
374  4    26   
375  18   20   
376  26   22   
377  28   13   
378  23   7    
379  15   15   
380  1    20   
381  14   20   
382  9    20   
383  20   19   
384  29   5    
385  2    13   
386  5    13   
387  10   6    
388  20   9    
389  22   15   
390  4    21   
391  5    29   
392  31   19   
393  28   12   
394  31   10   
395  10   23   
396  26   14   
397  13   8    
398  9    18   
399  4    20   
400  30   26   
401  2    30   
402  31   27   
403  25   3    
404  20   2    
405  31   26   
406  12   17   
407  15   20   
408  16   1    
409  31   22   
410  10   8    
411  1    3    
412  8    12   
413  24   30   
414  23   10   
415  12   12   
416  32   11   
417  11   37   
418  7    13   
419  27   19   
420  10   7    
421  23   28   
422  4    30   
423  31   21   
424  7    6    
425  13   10   
426  11   3    
427  27   3    
428  7    34   
429  15   14   
430  19   34   
431  32   3    
432  20   6    
433  22   4    
434  3    34   
435  9    17   
436  32   21   
437  1    30   
438  30   7    
439  34   18   
440  8    10   
441  20   12   
442  30   20   
443  7    10   
444  13   27   
445  35   11   
446  11   1    
447  27   13   
448  14   26   
449  32   16   
450  4    7    
451  14   25   
452  3    14   
453  27   8    
454  29   9    
455  25   14   
456  5    20   
457  12   7    
458  8    37   
459  3    9    
460  3    17   
461  27   10   
462  18   31   
463  17   11   
464  19   29   
465  7    35   
466  8    14   
467  3    35   
468  12   21   
469  10   2    
470  17   3    
471  3    20   
472  1    33   
473  21   31   
474  12   24   
475  12   9    
476  14   24   
477  16   3    
478  13   16   
479  2    4    
480  33   8    
481  15   7    
482  18   23   
483  23   12   
484  2    6    
485  15   25   
486  21   29   
487  21   20   
488  27   17   
489  2    34   
490  18   28   
491  23   15   
492  32   7    
493  11   6    
494  18   24   
495  7    9    
496  22   30   
497  20   33   
498  24   8    
499  29   18   
500  9    2    
501  3    36   
502  9    6    
503  24   16   
504  33   2    
505  14   9    
506  13   35   
507  20   10   
508  16   20   
509  13   7    
510  14   35   
511  1    29   
512  18   1    
513  0    2    
514  24   15   
515  8    22   
516  17   1    
517  32   2    
518  21   2    
519  25   5    
520  26   31   
521  12   23   
522  10   34   
523  10   22   
524  7    30   
525  8    20   
526  9    5    
527  17   29   
528  6    3    
529  14   5    
530  26   1    
531  27   5    
532  32   12   
533  12   28   
534  17   26   
535  7    17   
536  24   17   
537  28   15   
538  17   24   
539  28   18   
540  5    22   
541  35   10   
542  26   20   
543  15   32   
544  35   12   
545  22   32   
546  17   28   
547  5    5    
548  3    13   
549  0    9    
550  2    22   
551  6    16   
552  33   24   
553  10   9    
554  3    3    
555  7    5    
556  3    30   
557  8    4    
558  5    18   
559  25   8    
560  19   28   
561  24   25   
562  18   32   
563  19   3    
564  17   17   
565  24   9    
566  27   23   
567  18   6    
568  8    27   
569  21   15   
570  28   9    
571  13   24   
572  14   18   
573  20   17   
574  26   19   
575  11   29   
576  12   18   
577  19   17   
578  23   13   
579  9    21   
580  26   27   
581  4    35   
582  19   35   
583  12   22   
584  4    15   
585  31   1    
586  1    8    
587  26   13   
588  20   16   
589  24   5    
590  16   32   
591  24   21   
592  2    20   
593  20   8    
594  6    21   
595  25   2    
596  16   11   
597  23   22   
598  10   14   
599  15   36   
600  9    4    
601  25   1    
602  12   5    
603  17   18   
604  6    22   
605  6    36   
606  14   33   
607  7    31   
608  11   25   
609  21   9    
610  10   16   
611  8    30   
612  25   0    
613  19   18   
614  9    7    
615  31   17   
616  19   26   
617  27   22   
618  17   23   
619  29   3    
620  3    5    
621  34   19   
622  4    13   
623  9    12   
624  6    5    
625  23   2    
626  17   20   
627  27   16   
628  31   23   
629  15   29   
630  9    27   
631  16   21   
632  31   8    
633  26   16   
634  8    3    
635  19   2    
636  25   23   
637  24   12   
638  8    36   
639  17   16   
640  15   1    
641  21   24   
642  7    26   
643  4    11   
644  11   7    
645  36   14   
646  15   3    
647  28   30   
648  23   27   
649  9    28   
650  18   35   
651  21   22   
652  3    1    
653  1    15   
654  14   16   
655  20   31   
656  23   17   
657  36   11   
658  13   3    
659  25   27   
660  7    1    
661  21   17   
662  13   34   
663  28   2    
664  13   13   
665  14   7    
666  31   5    
667  30   15   
668  19   13   
669  1    13   
670  10   21   
671  26   21   
672  12   36   
673  36   12   
674  31   9    
675  8    33   
676  3    8    
677  18   14   
678  11   11   
679  13   22   
680  5    8    
681  12   26   
682  21   25   
683  9    22   
684  30   11   
685  19   9    
686  14   32   
687  9    16   
688  13   25   
689  24   26   
690  15   30   
691  13   20   
692  29   8    
693  35   16   
694  12   11   
695  24   29   
696  21   33   
697  28   3    
698  15   34   
699  13   18   
700  12   33   
701  18   26   
702  11   2    
703  3    16   
704  5    31   
705  5    2    
706  22   21   
707  19   33   
708  29   12   
709  19   10   
710  7    24   
711  22   5    
712  8    5    
713  4    17   
714  20   15   
715  24   4    
716  3    21   
717  16   5    
718  5    30   
719  25   28   
720  29   22   
721  19   31   
722  16   37   
723  25   19   
724  19   32   
725  14   21   
726  5    25   
727  10   32   
728  26   23   
729  10   20   
730  4    23   
731  1    23   
732  26   0    
733  1    17   
734  21   26   
735  11   26   
736  2    8    
737  15   33   
738  34   8    
739  16   35   
740  22   6    
741  2    32   
742  22   14   
743  14   27   
744  26   28   
745  6    20   
746  22   25   
747  23   23   
748  16   29   
749  28   16   
750  21   5    
751  15   23   
752  25   32   
753  6    14   
754  27   0    
755  7    15   
756  16   17   
757  1    27   
758  3    25   
759  9    24   
760  26   8    
761  34   13   
762  33   17   
763  20   35   
764  9    14   
765  8    28   
766  26   5    
767  22   27   
768  15   37   
769  12   1    
770  20   30   
771  27   14   
772  34   9    
773  1    6    
774  25   24   
775  34   11   
776  23   8    
777  5    7    
778  1    9    
779  6    30   
780  24   13   
781  31   20   
782  2    28   
783  33   16   
784  32   24   
785  10   31   
786  16   14   
787  1    11   
788  30   19   
789  21   28   
790  2    33   
791  19   11   
792  20   32   
793  18   10   
794  2    31   
795  26   24   
796  5    19   
797  6    18   
798  11   14   
799  8    18   
800  12   13   
801  4    32   
802  14   10   
803  29   26   
804  8    23   
805  20   22   
806  21   23   
807  7    25   
808  8    9    
809  32   19   
810  21   8    
811  21   27   
812  21   3    
813  16   6    
814  27   21   
815  11   24   
816  29   6    
817  6    33   
818  14   30   
819  7    28   
820  20   28   
821  3    15   
822  0    3    
823  4    1    
824  1    22   
825  17   15   
826  13   21   
827  29   1    
828  13   6    
829  9    26   
830  4    14   
831  10   19   
832  19   27   
833  28   4    
834  14   14   
835  3    29   
836  5    15   
837  8    32   
838  21   14   
839  20   14   
840  16   8    
841  10   33   
842  8    17   
843  7    23   
844  36   13   
845  32   15   
846  2    10   
847  34   17   
848  3    22   
849  17   27   
850  13   2    
851  8    29   
852  3    23   
853  23   30   
854  2    26   
855  1    28   
856  21   12   
857  18   2    
858  11   12   
859  4    16   
860  11   15   
861  9    36   
862  11   36   
863  15   8    
864  21   6    
865  8    19   
866  6    4    
867  25   26   
868  15   4    
869  34   21   
870  25   22   
871  32   18   
872  9    32   
873  15   27   
874  5    14   
875  18   16   
876  2    1    
877  1    24   
878  1    2    
879  34   16   
880  35   13   
881  19   22   
882  1    4    
883  31   3    
884  25   7    
885  5    24   
886  10   13   
887  26   30   
888  10   26   
889  4    4    
890  27   26   
891  9    37   
892  15   21   
893  14   22   
894  11   31   
895  10   25   
896  24   1    
897  13   32   
898  4    5    
899  10   29   
900  1    16   
901  30   23   
902  4    25   
903  16   28   
904  12   32   
905  22   28   
906  35   9    
907  7    7    
908  9    19   
909  19   14   
910  33   19   
911  12   2    
912  21   21   
913  6    7    
914  7    2    
915  14   38   
916  18   12   
917  29   24   
918  26   17   
919  12   15   
920  0    28   
921  5    35   
922  6    27   
923  29   14   
924  29   11   
925  3    4    
926  26   12   
927  20   24   
928  32   5    
929  13   9    
930  9    23   
931  11   34   
932  6    23   
933  13   33   
934  34   10   
935  11   18   
936  28   23   
937  30   3    
938  32   9    
939  13   26   
940  27   29   
941  6    17   
942  31   15   
943  4    12   
944  16   26   
945  6    9    
946  3    12   
947  24   20   
948  20   20   
949  14   19   
950  2    17   
951  20   4    
952  7    32   
953  26   2    
954  25   17   
955  30   16   
956  24   24   
957  16   27   
958  5    33   
959  13   17   
960  16   25   
961  21   13   
962  33   3    
963  27   18   
964  30   25   
965  25   29   
966  11   30   
967  9    8    
968  4    24   
969  33   5    
970  25   4    
971  31   25   
972  20   13   
973  14   13   
974  27   15   
975  11   10   
976  28   11   
977  28   21   
978  16   9    
979  3    18   
980  14   29   
981  26   9    
982  8    1    
983  26   10   
984  4    28   
985  19   19   
986  4    2    
987  24   2    
988  23   31   
989  16   18   
990  9    3    
991  20   7    
992  1    31   
993  8    35   
994  16   36   
995  33   12   
996  17   6    
997  17   10   
998  4    22   
999  11   16   
1000 12   10   
1001 22   9    
1002 19   12   
1003 28   22   
1004 30   8    
1005 32   6    
1006 10   1    
1007 27   28   
1008 28   17   
1009 20   25   
1010 31   6    
1011 35   17   
1012 18   30   
1013 18   13   
1014 3    24   
1015 4    18   
1016 24   31   
1017 19   23   
1018 14   31   
1019 7    12   
1020 5    4    
1021 13   28   
1022 27   27   
1023 2    21   
1024 17   13   
1025 6    34   
1026 16   22   
1027 6    26   
1028 24   11   
1029 27   6    
1030 32   27   
1031 6    11   
1032 16   10   
1033 26   3    
1034 24   23   
1035 11   5    
1036 17   25   
1037 10   5    
1038 19   24   
1039 17   12   
1040 31   16   
1041 0    23   
1042 23   19   
1043 17   19   
1044 16   15   
1045 16   23   
1046 22   17   
1047 29   21   
1048 9    11   
1049 30   2    
1050 19   6    
1051 2    7    
1052 20   23   
1053 12   19   
1054 34   1    
1055 6    6    
1056 19   21   
1057 31   11   
1058 29   16   
1059 11   13   
1060 14   17   
1061 15   24   
1062 0    15   
1063 22   24   
1064 4    19   
1065 10   30   
1066 8    11   
1067 11   20   
1068 16   7    
1069 14   15   
1070 5    23   
1071 24   32   
1072 18   33   
1073 23   33   
1074 4    31   
1075 12   14   
1076 14   28   
1077 23   4    
1078 28   6    
1079 19   30   
1080 17   2    
1081 33   4    
1082 27   2    
1083 9    10   
1084 26   25   
1085 8    6    
1086 17   32   
1087 1    1    
1088 17   5    
1089 28   29   
1090 34   4    
1091 15   9    
1092 33   7    
1093 11   35   
1094 4    27   
1095 0    0    
1096 20   11   
1097 23   25   
1098 21   18   
1099 24   10   
1100 22   18   
1101 29   20   
1102 8    16   
1103 4    29   
1104 8    24   
1105 33   9    
1106 4    9    
1107 11   8    
1108 14   1    
1109 1    14   
1110 3    32   
1111 17   33   
1112 32   10   
1113 30   9    
1114 8    21   
1115 16   30   
1116 31   24   
1117 15   10   
1118 1    36   
1119 6    19   
1120 9    9    
1121 21   19   
1122 23   16   
1123 26   29   
1124 5    17   
1125 1    10   
1126 27   11   
1127 23   9    
1128 12   34   
1129 25   30   
1130 8    34   
1131 33   22   
1132 2    35   
1133 26   6    
1134 17   4    
1135 24   28   
1136 22   12   
1137 23   3    
1138 0    16   
1139 3    28   
1140 15   12   
1141 24   27   
1142 18   7    
1143 18   8    
1144 35   14   
1145 22   26   
1146 6    10   
1147 30   22   
1148 4    3    
1149 28   27   
1150 18   4    
1151 12   30   
1152 9    15   
1153 5    6    
1154 18   25   
1155 8    2    
1156 20   3    
1157 28   14   
1158 23   32   
1159 30   13   
1160 1    26   
1161 25   20   
1162 23   6    
1163 17   30   
1164 3    11   
1165 16   19   
1166 20   34   
1167 13   12   
1168 3    33   
1169 22   22   
1170 10   35   
1171 22   8    
1172 22   1    
1173 25   11   
1174 21   32   
1175 32   8    
1176 12   3    
1177 19   0    
1178 4    6    
1179 14   6    
1180 5    32   
1181 22   19   
1182 30   24   
1183 29   28   
1184 2    16   
1185 14   11   
1186 31   4    
1187 15   18   
1188 9    31   
1189 28   10   
1190 7    27   
1191 27   30   
1192 18   19   
1193 0    6    
1194 23   1    
1195 31   13   
1196 7    36   
1197 23   24   
1198 2    11   
1199 17   9    
1200 13   14   
1201 33   15   
1202 19   4    
1203 29   17   
1204 18   17   
1205 6    1    
1206 17   34   
1207 36   10   
1208 13   23   
1209 8    8    
1210 25   13   
1211 16   4    
1212 16   16   
1213 17   36   
1214 23   11   
1215 30   6    
1216 5    11   
1217 25   9    
1218 35   15   
1219 18   11   
1220 22   7    
1221 32   22   
1222 2    36   
1223 19   7    
1224 28   1    
1225 1    32   
1226 29   25   
1227 33   11   
1228 25   10   
1229 20   21   
1230 30   17   
1231 14   4    
1232 26   7    
1233 7    18   
1234 20   27   
1235 10   24   
1236 1    21   
1237 29   27   
1238 33   10   
1239 8    26   
1240 28   28   
1241 22   23   
1242 2    3    
1243 10   11   
1244 26   15   
1245 12   8    
1246 8    31   
1247 17   31   
1248 17   14   
1249 6    13   
1250 29   2    
1251 27   12   
1252 12   16   
1253 13   4    
1254 27   1    
1255 21   11   
1256 19   25   
1257 11   33   
1258 19   20   
1259 25   33   
1260 18   15   
1261 25   21   
1262 10   15   
1263 27   24   
1264 1    12   
1265 29   4    
1266 22   11   
1267 2    29   
1268 1    18   
1269 22   31   
1270 13   19   
1271 24   22   
1272 25   31   
1273 23   20   
1274 21   7    
1275 5    12   
